1
2750000
23448275
3720930
197530
1454545
2086956
1000000
164645161
1846153
969696
2363636
1000000
3034482
761904
2742857
2588235
2758620
1000000
463768
2105263
1230769
7619047
4470588
2588235
1061224
7111111
559440
2857142
2666666
5333333
941176
4413793
1361702
1523809
1103448
598130
1066666
2482758
914285
12173913
12137931
941176
157377
23515151
1600000
21629629
18624000
426756
17577464
66923076
1185185
1500000
410256
914285
1739130
744186
277777
774193
7384615
3578947
1142857
6060606
695652
5454545
1142857
1230769
2019417
4571428
1411764
1000000
1103448
2933333
3142857
1411764
2909090
914285
1066666
774193
1481481
1939393
1000000
1866666
1411764
283687
5241379
1142857
2514285
2482758
5090909
740740
4800000
15058823
2285714
862453
3936507
1333333
1176470
15250000
10588235
4618556
4941176
4941176
3460674
26666666
13913043
9504950
9411764
22564102
10000000
19649122
33398058
9411764
10549450
19591836
14545454
13390557
27081712
590561797
1865494505
9200000
1378110
26912751
121142857
1458333
75800000
1250000
307272727
884955
6785714
16904761
2500000
33750000
22571428
3125000
1212121
30909090
37037037
523255
287769
23760374698795
1935483
631745714285
1324635518518181632
103125000
860585
40925925
539047619
660377
3076923
8235294
467289
5588235
1293103
3736263
177935
18763127
258064
1117647
351351
390243
78014
223404
285714
521739
625000
484848
1333333
677966
298076
330188
78313
138554
2375000
54347
19704
8866242
308823
64516
130434
62500
98484
544117
1250000
333333
642857
350000
384615
200000
190476
368421
269230
2785714
250000
5000000
923076
714285
615384
285714
538461
285714
615384
500000
333333
1050000
1947368
900000
210526
7800000
312500
714285
550000
2857142
1666666
1450000
2250000
132075
213675
97315
666666
3653846
549450
108108
187500
128205
333333
761904
268292
366666
122222
242424
300000
250000
454545
87500
166666
219858
857142
379310
687500
574626
3148148
227272
185185
366666
295454
417391
239436
160000
